77788; ALPHA KM ; ALPHA KM; NOT FOUND; CREME NOITE 50 ML x 1; D7B
77786; ALPHA KM ; ALPHA KM; NOT FOUND; L A/R P M/O 40 ML x 1; D7B
77789; ALPHA KM ; ALPHA KM; NOT FOUND; LOC.CORPO 200 ML x 1; D7B
77785; ALPHA KM ; ALPHA KM; NOT FOUND; LOC.DEMAQ 200 ML x 1; D7B
77790; AURIDERM ; AURIDERM; NOT FOUND; CREME STICK 4 G x 1; D7B
77791; AURIDERM XO ; AURIDERM XO; NOT FOUND; GEL. 30 ML x 1; D7B
77792; AURIDERM XO ; AURIDERM XO; NOT FOUND; GEL. 75 ML x 1; D7B
