1267501330029; TORVILIP; TORVILIP; NOT FOUND; 10MG COM REV CT BL AL AL X 30; NQA
1267501330045; TORVILIP; TORVILIP; NOT FOUND; 10MG COM REV CT BL AL AL X 60; NQA
1267501330061; TORVILIP; TORVILIP; NOT FOUND; 20MG COM REV CT BL AL AL X 30; NQA
1267501330088; TORVILIP; TORVILIP; NOT FOUND; 20MG COM REV CT BL AL AL X 60; NQA
1267501330101; TORVILIP; TORVILIP; NOT FOUND; 40MG COM REV CT BL AL AL X 30; NQA
1267501330126; TORVILIP; TORVILIP; NOT FOUND; 40MG COM REV CT BL AL AL X 60; NQA
1267500130026; TRABILIN; TRABILIN; NOT FOUND; 50MG/ML SOL INJ CT EST 5 AMP VD INC X 2 ML; NQA
1267500130034; TRABILIN; TRABILIN; NOT FOUND; 100MG/ML SOL OR CT FR VD AMB GOT X 10 ML; NQA
1267500130018; TRABILIN; TRABILIN; NOT FOUND; 50MG CAP GEL DURA CT BL AL PLAS AMB X 10; NQA
