518504101115416, ULCERIDINA, ULCERIDINA, NOT FOUND, 150MG / CP CX C/2 BL C/10, KIN
518504102111414, ULCERIDINA, ULCERIDINA, NOT FOUND, 300MG / CP CX C/2 BL C/10, KIN
518504101115416, ULCERIDINA, ULCERIDINA, NOT FOUND, 150MG / CP CX C/2 BL C/10, KIN
518504102111414, ULCERIDINA, ULCERIDINA, NOT FOUND, 300MG / CP CX C/2 BL C/10, KIN
518504101115416, ULCERIDINA, ULCERIDINA, NOT FOUND, 150MG / CP CX C/2 BL C/10, KIN
518504102111414, ULCERIDINA, ULCERIDINA, NOT FOUND, 300MG / CP CX C/2 BL C/10, KIN
518504101115416, ULCERIDINA, ULCERIDINA, NOT FOUND, 150MG / CP CX C/2 BL C/10, KIN
518504102111414, ULCERIDINA, ULCERIDINA, NOT FOUND, 300MG / CP CX C/2 BL C/10, KIN
518504101115416, ULCERIDINA, ULCERIDINA, NOT FOUND, 150MG / CP CX C/2 BL C/10, KIN
518504102111414, ULCERIDINA, ULCERIDINA, NOT FOUND, 300MG / CP CX C/2 BL C/10, KIN
518504101115416, ULCERIDINA, ULCERIDINA, NOT FOUND, 150MG / CP CX C/2 BL C/10, KIN
518504102111414, ULCERIDINA, ULCERIDINA, NOT FOUND, 300MG / CP CX C/2 BL C/10, KIN
518504101115416, ULCERIDINA, ULCERIDINA, NOT FOUND, 150MG / CP CX C/2 BL C/10, KIN
518504102111414, ULCERIDINA, ULCERIDINA, NOT FOUND, 300MG / CP CX C/2 BL C/10, KIN
518504101115416, ULCERIDINA, ULCERIDINA, NOT FOUND, 150MG / CP CX C/2 BL C/10, KIN
518504102111414, ULCERIDINA, ULCERIDINA, NOT FOUND, 300MG / CP CX C/2 BL C/10, KIN
518504101115416, ULCERIDINA, ULCERIDINA, NOT FOUND, 150MG / CP CX C/2 BL C/10, KIN
518504102111414, ULCERIDINA, ULCERIDINA, NOT FOUND, 300MG / CP CX C/2 BL C/10, KIN
518504101115416, ULCERIDINA, ULCERIDINA, NOT FOUND, 150 MG / CP CX C/2 BL C/10, KIN
518504102111414, ULCERIDINA, ULCERIDINA, NOT FOUND, 300 MG / CP CX C/2 BL C/10, KIN
518504101115416, ULCERIDINA, ULCERIDINA, NOT FOUND, 150 MG / CP CX C/2 BL C/10, KIN
518504102111414, ULCERIDINA, ULCERIDINA, NOT FOUND, 300 MG / CP CX C/2 BL C/10, KIN
