71381; VARICELL ; VARICELL; NOT FOUND; CAPS x 30; DV7
76220; VARICELL ; VARICELL; NOT FOUND; DRAG x 48; DV7
144117; VARICELL ; VARICELL; NOT FOUND; GEL PERNAS 300 G x 1; DV7
