119065; OLEO CHIA E COCO ; OLEO CHIA E COCO; NOT FOUND; CAPS 1000 MG x 120; C0A
