56852; HYDRANORME ; HYDRANORME; NOT FOUND; EMULS 40 ML x 1; LRP
85085; HYDRAPHASE UV LEGE ; HYDRAPHASE UV LEGE; NOT FOUND; CR P NO/MI 50 ML x 1; LRP
58864; HYDRAPHASE XL ; HYDRAPHASE XL; NOT FOUND; SPRAY 50 ML x 1; LRP
68316; HYDRAPHASE XL ; HYDRAPHASE XL; NOT FOUND; SPRAY LEG 50 ML x 1; LRP
65596; HYDRAPHASE YEUX ; HYDRAPHASE YEUX; NOT FOUND; CREME 15 ML x 1; LRP
