OTENZEPADE, OTENZEPADE
OTERACILA, OTERACILA
OTIMERATO DE SÓDIO, OTIMERATO SODIO
