ULDAZEPAM, ULDAZEPAM
ULINASTATINA, ULINASTATINA
ULIPRISTAL, ULIPRISTAL
ULOBETASOL, ULOBETASOL
