71694, JOHNSON REACH , JOHNSON REACH, NOT FOUND, ENX B COOL/M 250 ML x 1, J_J
70606, JOHNSON REACH , JOHNSON REACH, NOT FOUND, ENX B T/F ZO 250 ML x 1, J_J
78473, JOHNSONS BABY , JOHNSONS BABY, NOT FOUND, CREME FPS 40 120 G x 1, J_J
78474, JOHNSONS BABY , JOHNSONS BABY, NOT FOUND, CREME FPS 40 60 G x 1, J_J
52847, JOHNSONS BABY , JOHNSONS BABY, NOT FOUND, S L G CA PES 200 ML x 1, J_J
