524000701156316, CEREZYME, CEREZYME, NOT FOUND, 200 U PO LIOF INJ CT FA VD INC, GEZ
524000702152314, CEREZYME, CEREZYME, NOT FOUND, 400 U PO LIOF INJ CT FA VD INC, GEZ
524000701156316, CEREZYME, CEREZYME, NOT FOUND, 200 U PO LIOF INJ CT FA VD INC, GEZ
524000702152314, CEREZYME, CEREZYME, NOT FOUND, 400 U PO LIOF INJ CT FA VD INC, GEZ
524000701156316, CEREZYME, CEREZYME, NOT FOUND, 200 U PO LIOF INJ CT FA VD INC, GEZ
524000702152314, CEREZYME, CEREZYME, NOT FOUND, 400 U PO LIOF INJ CT FA VD INC, GEZ
524000701156316, CEREZYME, CEREZYME, NOT FOUND, 200 U PO LIOF INJ CT FA VD INC, GEZ
524000702152314, CEREZYME, CEREZYME, NOT FOUND, 400 U PO LIOF INJ CT FA VD INC, GEZ
524000701156316, CEREZYME, CEREZYME, NOT FOUND, 200 U PO LIOF INJ CT FA VD INC, GEZ
524000702152314, CEREZYME, CEREZYME, NOT FOUND, 400 U PO LIOF INJ CT FA VD INC, GEZ
524000701156316, CEREZYME, CEREZYME, NOT FOUND, 200 U PO LIOF INJ CT FA VD INC, GEZ
524000702152314, CEREZYME, CEREZYME, NOT FOUND, 400 U PO LIOF INJ CT FA VD INC, GEZ
524000701156316, CEREZYME, CEREZYME, NOT FOUND, 200 U PO LIOF INJ CT FA VD INC, GEZ
524000702152314, CEREZYME, CEREZYME, NOT FOUND, 400 U PO LIOF INJ CT FA VD INC, GEZ
524000701156316, CEREZYME, CEREZYME, NOT FOUND, 200 U PO LIOF INJ CT FA VD INC, GEZ
524000702152314, CEREZYME, CEREZYME, NOT FOUND, 400 U PO LIOF INJ CT FA VD INC, GEZ
524000701156316, CEREZYME, CEREZYME, NOT FOUND, 200 U PO LIOF INJ CT FA VD INC, GEZ
524000702152314, CEREZYME, CEREZYME, NOT FOUND, 400 U PO LIOF INJ CT FA VD INC, GEZ
524000902119310, CHOLESTAGEL, CHOLESTAGEL, NOT FOUND, 625 MG COM REV CT FR PLAS OPC X 100, GEZ
524000901112312, CHOLESTAGEL, CHOLESTAGEL, NOT FOUND, 625 MG COM REV CT FR PLAS OPC X 180, GEZ
524000903115319, CHOLESTAGEL, CHOLESTAGEL, NOT FOUND, 625 MG COM REV CT FR PLAS OPC X 24, GEZ
524000701156316, CEREZYME, CEREZYME, NOT FOUND, 200 U PO LIOF INJ CT FA VD INC, GEZ
524000702152314, CEREZYME, CEREZYME, NOT FOUND, 400 U PO LIOF INJ CT FA VD INC, GEZ
524000902119310, CHOLESTAGEL, CHOLESTAGEL, NOT FOUND, 625 MG COM REV CT FR PLAS OPC X 100, GEZ
524000901112312, CHOLESTAGEL, CHOLESTAGEL, NOT FOUND, 625 MG COM REV CT FR PLAS OPC X 180, GEZ
524000903115319, CHOLESTAGEL, CHOLESTAGEL, NOT FOUND, 625 MG COM REV CT FR PLAS OPC X 24, GEZ
524000701156316, CEREZYME, CEREZYME, NOT FOUND, 200 U PO LIOF INJ CT FA VD INC, GEZ
524000702152314, CEREZYME, CEREZYME, NOT FOUND, 400 U PO LIOF INJ CT FA VD INC, GEZ
